niter lrd bsize regu lr hidden accuracy
1000 0.950000 200 0.000010 0.000500 50 0.463000
1000 0.950000 200 0.000010 0.000500 100 0.456000
1000 0.950000 200 0.000010 0.000500 200 0.463000
1000 0.950000 200 0.000010 0.000500 500 0.465000
1000 0.950000 200 0.001000 0.000500 50 0.452000
1000 0.950000 200 0.001000 0.000500 100 0.454000
1000 0.950000 200 0.001000 0.000500 200 0.452000
1000 0.950000 200 0.001000 0.000500 500 0.477000
1000 0.950000 200 0.000100 0.000500 50 0.452000
1000 0.950000 200 0.000100 0.000500 100 0.446000
1000 0.950000 200 0.000100 0.000500 200 0.455000
1000 0.950000 200 0.000100 0.000500 500 0.463000
1000 0.990000 200 0.000010 0.000500 50 0.446000
1000 0.990000 200 0.000010 0.000500 100 0.462000
1000 0.990000 200 0.000010 0.000500 200 0.451000
1000 0.990000 200 0.000010 0.000500 500 0.476000
1000 0.990000 200 0.001000 0.000500 50 0.451000
1000 0.990000 200 0.001000 0.000500 100 0.457000
1000 0.990000 200 0.001000 0.000500 200 0.471000
1000 0.990000 200 0.001000 0.000500 500 0.469000
1000 0.990000 200 0.000100 0.000500 50 0.460000
1000 0.990000 200 0.000100 0.000500 100 0.467000
1000 0.990000 200 0.000100 0.000500 200 0.463000
1000 0.990000 200 0.000100 0.000500 500 0.473000
1000 0.900000 200 0.000010 0.000500 50 0.428000
1000 0.900000 200 0.000010 0.000500 100 0.454000
1000 0.900000 200 0.000010 0.000500 200 0.462000
1000 0.900000 200 0.000010 0.000500 500 0.465000
1000 0.900000 200 0.001000 0.000500 50 0.440000
1000 0.900000 200 0.001000 0.000500 100 0.459000
1000 0.900000 200 0.001000 0.000500 200 0.444000
1000 0.900000 200 0.001000 0.000500 500 0.472000
1000 0.900000 200 0.000100 0.000500 50 0.455000
1000 0.900000 200 0.000100 0.000500 100 0.457000
1000 0.900000 200 0.000100 0.000500 200 0.454000
1000 0.900000 200 0.000100 0.000500 500 0.454000
1000 0.950000 200 0.000010 0.001000 50 0.485000
1000 0.950000 200 0.000010 0.001000 100 0.493000
1000 0.950000 200 0.000010 0.001000 200 0.485000
1000 0.950000 200 0.000010 0.001000 500 0.511000
1000 0.950000 200 0.001000 0.001000 50 0.484000
1000 0.950000 200 0.001000 0.001000 100 0.492000
1000 0.950000 200 0.001000 0.001000 200 0.490000
1000 0.950000 200 0.001000 0.001000 500 0.485000
1000 0.950000 200 0.000100 0.001000 50 0.474000
1000 0.950000 200 0.000100 0.001000 100 0.481000
1000 0.950000 200 0.000100 0.001000 200 0.498000
1000 0.950000 200 0.000100 0.001000 500 0.478000
1000 0.990000 200 0.000010 0.001000 50 0.465000
1000 0.990000 200 0.000010 0.001000 100 0.487000
1000 0.990000 200 0.000010 0.001000 200 0.465000
1000 0.990000 200 0.000010 0.001000 500 0.502000
1000 0.990000 200 0.001000 0.001000 50 0.469000
1000 0.990000 200 0.001000 0.001000 100 0.503000
