[[ -9.68499043e-02   4.00157208e-03  -2.05517828e-01   1.87986352e-01
    1.60531645e-01  -9.77277880e-03   9.50088418e-03   2.68884345e-03
   -3.01022811e-02  -5.67802801e-03]
 [  4.45595008e-02   1.45427351e-02   6.95515502e-01  -2.88616327e-01
   -2.66986989e-01   3.33674327e-03   1.49407907e-02   1.93435586e-02
   -6.54700997e-02  -5.32928651e-01]
 [  1.16977821e-02   6.53618595e-03  -2.31623550e-01  -6.26390355e-02
   -1.41638971e-03  -1.45436567e-02   4.57585173e-04  -2.90067077e-03
    5.35668029e-01   3.69731998e-01]
 [  7.71766403e-02   3.78162520e-03  -3.13778323e-01   2.26868568e-01
    2.06678709e-01   1.56348969e-03   1.23029068e-02  -2.18055786e-03
   -6.78943040e-01   9.85573015e-02]]
